4294967294,0
4294966770,132
4294966770,131
4294966770,130
4294966770,129
4294966770,128
4294966770,127
4294966770,126
4294966770,125
4294966770,124
4294966770,123
4294966770,122
4294966770,121
4294966770,120
4294966770,119
4294966770,118
4294966770,117
4294966770,116
4294966770,115
4294966770,114
4294966770,113
4294966770,112
4294966770,111
4294966770,110
4294966770,109
4294966770,108
4294966770,107
4294966770,106
4294966770,105
4294966770,104
4294966770,103
4294966770,102
4294966770,101
4294966770,100
4294966770,99
4294966770,98
4294966770,97
4294966770,96
4294966770,95
4294966770,94
4294966770,93
4294966770,92
4294966770,91
4294966770,90
4294966770,89
4294966770,87
4294966770,86
4294966770,85
4294966770,84
4294966770,83
4294966770,82
4294966770,81
4294966770,80
4294966770,79
4294966770,78
4294966770,77
4294966770,76
4294966770,75
4294966770,74
4294966770,73
4294966770,72
4294966770,71
4294966770,70
4294966770,69
4294966770,68
4294966770,67
4294966770,66
4294966770,65
4294966770,64
4294966770,63
4294966770,62
4294966770,61
4294966770,60
4294966770,59
4294966770,58
4294966770,57
4294966770,56
4294966770,55
4294966770,54
4294966770,53
4294966770,52
4294966770,51
4294966770,50
4294966770,49
4294966770,48
4294966770,47
4294966770,46
4294966770,45
4294966770,44
4294966770,43
4294966770,42
4294966770,41
4294966770,40
4294966770,39
4294966770,38
4294966770,37
4294966770,36
4294966770,35
4294966770,34
4294966770,33
4294966770,32
4294966770,31
4294966770,30
4294966770,29
4294966770,28
4294966770,27
4294966770,26
4294966770,25
4294966770,24
4294966770,23
4294966770,22
4294966770,21
4294966770,20
4294966770,19
4294966770,18
4294966770,17
4294966770,16
4294966770,15
4294966770,14
4294966770,13
4294966770,12
4294966770,11
4294966770,10
4294966770,9
4294966770,8
4294966771,132
4294966771,131
4294966771,130
4294966771,129
4294966771,128
4294966771,127
4294966771,126
4294966771,125
4294966771,124
4294966771,123
4294966771,122
4294966771,121
4294966771,120
4294966771,119
4294966771,118
4294966771,117
4294966771,116
4294966771,115
4294966771,114
4294966771,113
4294966771,112
4294966771,111
4294966771,110
4294966771,109
4294966771,108
4294966771,105
4294966771,102
4294966771,100
4294966771,97
4294966771,94
4294967293,131
4294967293,130
4294967293,129
4294967293,128
4294967293,127
4294967293,126
4294967293,125
4294967293,124
4294967293,123
4294967293,122
4294967293,121
4294967293,120
4294967293,119
4294967293,118
